t, Evaporation,t, Groundwater Recharge (m3/day),t, Infiltration rate (m3/day),t, Inflow to the pond (m3/day),t, Overflow (m3/day),t, Pond water depth (m),t, Precipitation (mm/day),t, Soil Moisture,t, Underdrain flow (m3/day)
40544.00000,0,40544.00000,0.0086404,40544.00000,4.96683e-07,40544.00000,2.91323e-05,40544.00000,0,40544.00000,1.57189e-07,40544.00000,0,40544.00000,0.162306,40544.00000,0
40544.01000,0,40544.01000,0.0172807,40544.01000,2.15121e-06,40544.01000,5.77979e-05,40544.01000,0,40544.01000,4.6266e-07,40544.01000,0,40544.01000,0.32461,40544.01000,0
40544.02000,0,40544.02000,0.0172806,40544.02000,3.72867e-06,40544.02000,5.73378e-05,40544.02000,0,40544.02000,6.0368e-07,40544.02000,0,40544.02000,0.324607,40544.02000,0
40544.03000,0,40544.03000,0.0172806,40544.03000,5.58244e-06,40544.03000,5.68836e-05,40544.03000,0,40544.03000,7.37e-07,40544.03000,0,40544.03000,0.324603,40544.03000,0
40544.04000,0,40544.04000,0.0172806,40544.04000,7.57436e-06,40544.04000,5.64323e-05,40544.04000,0,40544.04000,8.66471e-07,40544.04000,0,40544.04000,0.3246,40544.04000,0
40544.05000,0,40544.05000,0.0172807,40544.05000,9.82772e-06,40544.05000,5.59913e-05,40544.05000,0,40544.05000,9.80628e-07,40544.05000,0,40544.05000,0.324596,40544.05000,0
40544.06000,0,40544.06000,0.0172808,40544.06000,1.21138e-05,40544.06000,5.55516e-05,40544.06000,0,40544.06000,1.09287e-06,40544.06000,0,40544.06000,0.324593,40544.06000,0
40544.07000,0,40544.07000,0.0172809,40544.07000,1.44117e-05,40544.07000,5.51194e-05,40544.07000,0,40544.07000,1.19319e-06,40544.07000,0,40544.07000,0.324589,40544.07000,0
40544.08000,0,40544.08000,0.0172811,40544.08000,1.67206e-05,40544.08000,5.46942e-05,40544.08000,0,40544.08000,1.28244e-06,40544.08000,0,40544.08000,0.324585,40544.08000,0
40544.09000,0,40544.09000,0.0172812,40544.09000,1.90295e-05,40544.09000,5.42689e-05,40544.09000,0,40544.09000,1.37169e-06,40544.09000,0,40544.09000,0.324582,40544.09000,0
40544.10000,0,40544.10000,0.0172814,40544.10000,2.10762e-05,40544.10000,5.38855e-05,40544.10000,0,40544.10000,1.44727e-06,40544.10000,0,40544.10000,0.324578,40544.10000,0
40544.11000,0,40544.11000,0.0172816,40544.11000,2.26526e-05,40544.11000,5.35773e-05,40544.11000,0,40544.11000,1.49834e-06,40544.11000,0,40544.11000,0.324575,40544.11000,0
40544.12000,0,40544.12000,0.0172818,40544.12000,2.4229e-05,40544.12000,5.32691e-05,40544.12000,0,40544.12000,1.54941e-06,40544.12000,0,40544.12000,0.324572,40544.12000,0
40544.13000,0,40544.13000,0.017282,40544.13000,2.58054e-05,40544.13000,5.29608e-05,40544.13000,0,40544.13000,1.60048e-06,40544.13000,0,40544.13000,0.324569,40544.13000,0
40544.14000,0,40544.14000,0.0172823,40544.14000,2.73422e-05,40544.14000,5.26541e-05,40544.14000,0,40544.14000,1.64961e-06,40544.14000,0,40544.14000,0.324566,40544.14000,0
40544.15000,0,40544.15000,0.0172826,40544.15000,2.86442e-05,40544.15000,5.23561e-05,40544.15000,0,40544.15000,1.6872e-06,40544.15000,0,40544.15000,0.324563,40544.15000,0
40544.16000,0,40544.16000,0.0172828,40544.16000,2.99461e-05,40544.16000,5.20581e-05,40544.16000,0,40544.16000,1.72479e-06,40544.16000,0,40544.16000,0.32456,40544.16000,0
40544.17000,0,40544.17000,0.0172831,40544.17000,3.12481e-05,40544.17000,5.17601e-05,40544.17000,0,40544.17000,1.76239e-06,40544.17000,0,40544.17000,0.324557,40544.17000,0
40544.18000,0,40544.18000,0.0172834,40544.18000,3.255e-05,40544.18000,5.14621e-05,40544.18000,0,40544.18000,1.79998e-06,40544.18000,0,40544.18000,0.324554,40544.18000,0
40544.19000,0,40544.19000,0.0172838,40544.19000,3.35708e-05,40544.19000,5.11733e-05,40544.19000,0,40544.19000,1.82749e-06,40544.19000,0,40544.19000,0.324551,40544.19000,0
40544.20000,0,40544.20000,0.0172841,40544.20000,3.45705e-05,40544.20000,5.08851e-05,40544.20000,0,40544.20000,1.85423e-06,40544.20000,0,40544.20000,0.324547,40544.20000,0
40544.21000,0,40544.21000,0.0172845,40544.21000,3.55702e-05,40544.21000,5.05969e-05,40544.21000,0,40544.21000,1.88098e-06,40544.21000,0,40544.21000,0.324544,40544.21000,0
40544.22000,0,40544.22000,0.0172848,40544.22000,3.65699e-05,40544.22000,5.03088e-05,40544.22000,0,40544.22000,1.90772e-06,40544.22000,0,40544.22000,0.324541,40544.22000,0
40544.23000,0,40544.23000,0.0172853,40544.23000,3.73698e-05,40544.23000,5.00273e-05,40544.23000,0,40544.23000,1.92844e-06,40544.23000,0,40544.23000,0.324538,40544.23000,0
40544.24000,0,40544.24000,0.0172857,40544.24000,3.80905e-05,40544.24000,4.97486e-05,40544.24000,0,40544.24000,1.94676e-06,40544.24000,0,40544.24000,0.324535,40544.24000,0
40544.25000,0,40544.25000,0.0172861,40544.25000,3.88112e-05,40544.25000,4.94698e-05,40544.25000,0,40544.25000,1.96509e-06,40544.25000,0,40544.25000,0.324532,40544.25000,0
40544.26000,0,40544.26000,0.0172866,40544.26000,3.95318e-05,40544.26000,4.9191e-05,40544.26000,0,40544.26000,1.98341e-06,40544.26000,0,40544.26000,0.324529,40544.26000,0
40544.27000,0,40544.27000,0.017287,40544.27000,4.01349e-05,40544.27000,4.89168e-05,40544.27000,0,40544.27000,1.99854e-06,40544.27000,0,40544.27000,0.324525,40544.27000,0
40544.28000,0,40544.28000,0.0172875,40544.28000,4.06212e-05,40544.28000,4.8647e-05,40544.28000,0,40544.28000,2.0105e-06,40544.28000,0,40544.28000,0.324522,40544.28000,0
40544.29000,0,40544.29000,0.017288,40544.29000,4.11075e-05,40544.29000,4.83773e-05,40544.29000,0,40544.29000,2.02245e-06,40544.29000,0,40544.29000,0.324519,40544.29000,0
40544.30000,0,40544.30000,0.0172886,40544.30000,4.15939e-05,40544.30000,4.81075e-05,40544.30000,0,40544.30000,2.03441e-06,40544.30000,0,40544.30000,0.324516,40544.30000,0
40544.31000,0,40544.31000,0.0172891,40544.31000,4.20267e-05,40544.31000,4.78403e-05,40544.31000,0,40544.31000,2.045e-06,40544.31000,0,40544.31000,0.324513,40544.31000,0
40544.32000,0,40544.32000,0.0172897,40544.32000,4.23273e-05,40544.32000,4.75792e-05,40544.32000,0,40544.32000,2.05222e-06,40544.32000,0,40544.32000,0.324509,40544.32000,0
40544.33000,0,40544.33000,0.0172902,40544.33000,4.26279e-05,40544.33000,4.73181e-05,40544.33000,0,40544.33000,2.05944e-06,40544.33000,0,40544.33000,0.324506,40544.33000,0
40544.34000,0,40544.34000,0.0172908,40544.34000,4.29285e-05,40544.34000,4.7057e-05,40544.34000,0,40544.34000,2.06667e-06,40544.34000,0,40544.34000,0.324503,40544.34000,0
40544.35000,0,40544.35000,0.0172914,40544.35000,4.32187e-05,40544.35000,4.67965e-05,40544.35000,0,40544.35000,2.07363e-06,40544.35000,0,40544.35000,0.3245,40544.35000,0
40544.36000,0,40544.36000,0.0172921,40544.36000,4.33777e-05,40544.36000,4.65437e-05,40544.36000,0,40544.36000,2.07739e-06,40544.36000,0,40544.36000,0.324497,40544.36000,0
40544.37000,0,40544.37000,0.0172927,40544.37000,4.35367e-05,40544.37000,4.62908e-05,40544.37000,0,40544.37000,2.08114e-06,40544.37000,0,40544.37000,0.324494,40544.37000,0
40544.38000,0,40544.38000,0.0172934,40544.38000,4.36958e-05,40544.38000,4.6038e-05,40544.38000,0,40544.38000,2.08489e-06,40544.38000,0,40544.38000,0.32449,40544.38000,0
40544.39000,0,40544.39000,0.017294,40544.39000,4.38548e-05,40544.39000,4.57852e-05,40544.39000,0,40544.39000,2.08864e-06,40544.39000,0,40544.39000,0.324487,40544.39000,0
40544.40000,0,40544.40000,0.0172948,40544.40000,4.39235e-05,40544.40000,4.55392e-05,40544.40000,0,40544.40000,2.09023e-06,40544.40000,0,40544.40000,0.324484,40544.40000,0
40544.41000,0,40544.41000,0.0172955,40544.41000,4.39776e-05,40544.41000,4.52944e-05,40544.41000,0,40544.41000,2.09146e-06,40544.41000,0,40544.41000,0.324481,40544.41000,0
40544.42000,0,40544.42000,0.0172962,40544.42000,4.40316e-05,40544.42000,4.50495e-05,40544.42000,0,40544.42000,2.0927e-06,40544.42000,0,40544.42000,0.324478,40544.42000,0
40544.43000,0,40544.43000,0.0172969,40544.43000,4.40857e-05,40544.43000,4.48047e-05,40544.43000,0,40544.43000,2.09393e-06,40544.43000,0,40544.43000,0.324474,40544.43000,0
40544.44000,0,40544.44000,0.0172977,40544.44000,4.40905e-05,40544.44000,4.45647e-05,40544.44000,0,40544.44000,2.094e-06,40544.44000,0,40544.44000,0.324471,40544.44000,0
40544.45000,0,40544.45000,0.0172985,40544.45000,4.40684e-05,40544.45000,4.43275e-05,40544.45000,0,40544.45000,2.09342e-06,40544.45000,0,40544.45000,0.324468,40544.45000,0
40544.46000,0,40544.46000,0.0172993,40544.46000,4.40463e-05,40544.46000,4.40903e-05,40544.46000,0,40544.46000,2.09284e-06,40544.46000,0,40544.46000,0.324465,40544.46000,0
40544.47000,0,40544.47000,0.0173001,40544.47000,4.40242e-05,40544.47000,4.38531e-05,40544.47000,0,40544.47000,2.09226e-06,40544.47000,0,40544.47000,0.324462,40544.47000,0
40544.48000,0,40544.48000,0.0173009,40544.48000,4.39786e-05,40544.48000,4.3619e-05,40544.48000,0,40544.48000,2.09112e-06,40544.48000,0,40544.48000,0.324458,40544.48000,0
40544.49000,0,40544.49000,0.0173018,40544.49000,4.39023e-05,40544.49000,4.33892e-05,40544.49000,0,40544.49000,2.08925e-06,40544.49000,0,40544.49000,0.324455,40544.49000,0
40544.50000,0,40544.50000,0.0173027,40544.50000,4.38259e-05,40544.50000,4.31593e-05,40544.50000,0,40544.50000,2.08738e-06,40544.50000,0,40544.50000,0.324452,40544.50000,0
40544.51000,0,40544.51000,0.0173036,40544.51000,4.37496e-05,40544.51000,4.29294e-05,40544.51000,0,40544.51000,2.08551e-06,40544.51000,0,40544.51000,0.324449,40544.51000,0
40544.52000,0,40544.52000,0.0173044,40544.52000,4.36649e-05,40544.52000,4.27011e-05,40544.52000,0,40544.52000,2.08344e-06,40544.52000,0,40544.52000,0.324446,40544.52000,0
40544.53000,0,40544.53000,0.0173054,40544.53000,4.35507e-05,40544.53000,4.24782e-05,40544.53000,0,40544.53000,2.08065e-06,40544.53000,0,40544.53000,0.324443,40544.53000,0
40544.54000,0,40544.54000,0.0173063,40544.54000,4.34364e-05,40544.54000,4.22554e-05,40544.54000,0,40544.54000,2.07786e-06,40544.54000,0,40544.54000,0.324439,40544.54000,0
40544.55000,0,40544.55000,0.0173073,40544.55000,4.33222e-05,40544.55000,4.20326e-05,40544.55000,0,40544.55000,2.07507e-06,40544.55000,0,40544.55000,0.324436,40544.55000,0
40544.56000,0,40544.56000,0.0173082,40544.56000,4.32078e-05,40544.56000,4.18097e-05,40544.56000,0,40544.56000,2.07228e-06,40544.56000,0,40544.56000,0.324433,40544.56000,0
40544.57000,0,40544.57000,0.0173092,40544.57000,4.30677e-05,40544.57000,4.15937e-05,40544.57000,0,40544.57000,2.06886e-06,40544.57000,0,40544.57000,0.32443,40544.57000,0
40544.58000,0,40544.58000,0.0173103,40544.58000,4.29276e-05,40544.58000,4.13776e-05,40544.58000,0,40544.58000,2.06543e-06,40544.58000,0,40544.58000,0.324427,40544.58000,0
40544.59000,0,40544.59000,0.0173113,40544.59000,4.27874e-05,40544.59000,4.11616e-05,40544.59000,0,40544.59000,2.062e-06,40544.59000,0,40544.59000,0.324423,40544.59000,0
40544.60000,0,40544.60000,0.0173123,40544.60000,4.26473e-05,40544.60000,4.09455e-05,40544.60000,0,40544.60000,2.05858e-06,40544.60000,0,40544.60000,0.32442,40544.60000,0
40544.61000,0,40544.61000,0.0173134,40544.61000,4.24936e-05,40544.61000,4.07346e-05,40544.61000,0,40544.61000,2.0548e-06,40544.61000,0,40544.61000,0.324417,40544.61000,0
40544.62000,0,40544.62000,0.0173144,40544.62000,4.23363e-05,40544.62000,4.0525e-05,40544.62000,0,40544.62000,2.05093e-06,40544.62000,0,40544.62000,0.324414,40544.62000,0
40544.63000,0,40544.63000,0.0173155,40544.63000,4.2179e-05,40544.63000,4.03155e-05,40544.63000,0,40544.63000,2.04707e-06,40544.63000,0,40544.63000,0.324411,40544.63000,0
40544.64000,0,40544.64000,0.0173166,40544.64000,4.20217e-05,40544.64000,4.01059e-05,40544.64000,0,40544.64000,2.0432e-06,40544.64000,0,40544.64000,0.324408,40544.64000,0
40544.65000,0,40544.65000,0.0173177,40544.65000,4.18582e-05,40544.65000,3.99e-05,40544.65000,0,40544.65000,2.03916e-06,40544.65000,0,40544.65000,0.324404,40544.65000,0
40544.66000,0,40544.66000,0.0173189,40544.66000,4.169e-05,40544.66000,3.96967e-05,40544.66000,0,40544.66000,2.035e-06,40544.66000,0,40544.66000,0.324401,40544.66000,0
40544.67000,0,40544.67000,0.01732,40544.67000,4.15218e-05,40544.67000,3.94934e-05,40544.67000,0,40544.67000,2.03083e-06,40544.67000,0,40544.67000,0.324398,40544.67000,0
40544.68000,0,40544.68000,0.0173212,40544.68000,4.13537e-05,40544.68000,3.92901e-05,40544.68000,0,40544.68000,2.02667e-06,40544.68000,0,40544.68000,0.324395,40544.68000,0
40544.69000,0,40544.69000,0.0173224,40544.69000,4.11832e-05,40544.69000,3.9089e-05,40544.69000,0,40544.69000,2.02244e-06,40544.69000,0,40544.69000,0.324392,40544.69000,0
40544.70000,0,40544.70000,0.0173236,40544.70000,4.10087e-05,40544.70000,3.88917e-05,40544.70000,0,40544.70000,2.01808e-06,40544.70000,0,40544.70000,0.324388,40544.70000,0
40544.71000,0,40544.71000,0.0173248,40544.71000,4.08342e-05,40544.71000,3.86945e-05,40544.71000,0,40544.71000,2.01373e-06,40544.71000,0,40544.71000,0.324385,40544.71000,0
40544.72000,0,40544.72000,0.017326,40544.72000,4.06597e-05,40544.72000,3.84972e-05,40544.72000,0,40544.72000,2.00937e-06,40544.72000,0,40544.72000,0.324382,40544.72000,0
40544.73000,0,40544.73000,0.0173273,40544.73000,4.04847e-05,40544.73000,3.83008e-05,40544.73000,0,40544.73000,2.005e-06,40544.73000,0,40544.73000,0.324379,40544.73000,0
40544.74000,0,40544.74000,0.0173286,40544.74000,4.03071e-05,40544.74000,3.81093e-05,40544.74000,0,40544.74000,2.00053e-06,40544.74000,0,40544.74000,0.324376,40544.74000,0
40544.75000,0,40544.75000,0.0173299,40544.75000,4.01294e-05,40544.75000,3.79179e-05,40544.75000,0,40544.75000,1.99606e-06,40544.75000,0,40544.75000,0.324373,40544.75000,0
40544.76000,0,40544.76000,0.0173312,40544.76000,3.99518e-05,40544.76000,3.77264e-05,40544.76000,0,40544.76000,1.99158e-06,40544.76000,0,40544.76000,0.324369,40544.76000,0
40544.77000,0,40544.77000,0.0173325,40544.77000,3.97741e-05,40544.77000,3.75349e-05,40544.77000,0,40544.77000,1.98711e-06,40544.77000,0,40544.77000,0.324366,40544.77000,0
40544.78000,0,40544.78000,0.0173338,40544.78000,3.95957e-05,40544.78000,3.73487e-05,40544.78000,0,40544.78000,1.98258e-06,40544.78000,0,40544.78000,0.324363,40544.78000,0
40544.79000,0,40544.79000,0.0173352,40544.79000,3.94172e-05,40544.79000,3.71628e-05,40544.79000,0,40544.79000,1.97805e-06,40544.79000,0,40544.79000,0.32436,40544.79000,0
40544.80000,0,40544.80000,0.0173365,40544.80000,3.92387e-05,40544.80000,3.69769e-05,40544.80000,0,40544.80000,1.97351e-06,40544.80000,0,40544.80000,0.324357,40544.80000,0
40544.81000,0,40544.81000,0.0173379,40544.81000,3.90601e-05,40544.81000,3.6791e-05,40544.81000,0,40544.81000,1.96898e-06,40544.81000,0,40544.81000,0.324354,40544.81000,0
40544.82000,0,40544.82000,0.0173393,40544.82000,3.88822e-05,40544.82000,3.6609e-05,40544.82000,0,40544.82000,1.96443e-06,40544.82000,0,40544.82000,0.32435,40544.82000,0
40544.83000,0,40544.83000,0.0173407,40544.83000,3.87044e-05,40544.83000,3.64285e-05,40544.83000,0,40544.83000,1.95987e-06,40544.83000,0,40544.83000,0.324347,40544.83000,0
40544.84000,0,40544.84000,0.0173422,40544.84000,3.85267e-05,40544.84000,3.6248e-05,40544.84000,0,40544.84000,1.95531e-06,40544.84000,0,40544.84000,0.324344,40544.84000,0
40544.85000,0,40544.85000,0.0173436,40544.85000,3.83489e-05,40544.85000,3.60674e-05,40544.85000,0,40544.85000,1.95076e-06,40544.85000,0,40544.85000,0.324341,40544.85000,0
40544.86000,0,40544.86000,0.0173451,40544.86000,3.81721e-05,40544.86000,3.58895e-05,40544.86000,0,40544.86000,1.9462e-06,40544.86000,0,40544.86000,0.324338,40544.86000,0
40544.87000,0,40544.87000,0.0173466,40544.87000,3.79962e-05,40544.87000,3.57142e-05,40544.87000,0,40544.87000,1.94165e-06,40544.87000,0,40544.87000,0.324335,40544.87000,0
40544.88000,0,40544.88000,0.0173481,40544.88000,3.78203e-05,40544.88000,3.55389e-05,40544.88000,0,40544.88000,1.93709e-06,40544.88000,0,40544.88000,0.324332,40544.88000,0
40544.89000,0,40544.89000,0.0173496,40544.89000,3.76444e-05,40544.89000,3.53635e-05,40544.89000,0,40544.89000,1.93254e-06,40544.89000,0,40544.89000,0.324328,40544.89000,0
40544.90000,0,40544.90000,0.0173511,40544.90000,3.74692e-05,40544.90000,3.51896e-05,40544.90000,0,40544.90000,1.928e-06,40544.90000,0,40544.90000,0.324325,40544.90000,0
40544.91000,0,40544.91000,0.0173527,40544.91000,3.7296e-05,40544.91000,3.50193e-05,40544.91000,0,40544.91000,1.92347e-06,40544.91000,0,40544.91000,0.324322,40544.91000,0
40544.92000,0,40544.92000,0.0173542,40544.92000,3.71227e-05,40544.92000,3.48489e-05,40544.92000,0,40544.92000,1.91894e-06,40544.92000,0,40544.92000,0.324319,40544.92000,0
40544.93000,0,40544.93000,0.0173558,40544.93000,3.69494e-05,40544.93000,3.46786e-05,40544.93000,0,40544.93000,1.91441e-06,40544.93000,0,40544.93000,0.324316,40544.93000,0
40544.94000,0,40544.94000,0.0173574,40544.94000,3.67764e-05,40544.94000,3.45086e-05,40544.94000,0,40544.94000,1.90989e-06,40544.94000,0,40544.94000,0.324313,40544.94000,0
40544.95000,0,40544.95000,0.017359,40544.95000,3.66062e-05,40544.95000,3.4343e-05,40544.95000,0,40544.95000,1.9054e-06,40544.95000,0,40544.95000,0.32431,40544.95000,0
40544.96000,0,40544.96000,0.0173606,40544.96000,3.64361e-05,40544.96000,3.41775e-05,40544.96000,0,40544.96000,1.90091e-06,40544.96000,0,40544.96000,0.324306,40544.96000,0
40544.97000,0,40544.97000,0.0173623,40544.97000,3.62659e-05,40544.97000,3.40119e-05,40544.97000,0,40544.97000,1.89642e-06,40544.97000,0,40544.97000,0.324303,40544.97000,0
40544.98000,0,40544.98000,0.0173639,40544.98000,3.60958e-05,40544.98000,3.38464e-05,40544.98000,0,40544.98000,1.89193e-06,40544.98000,0,40544.98000,0.3243,40544.98000,0
40544.99000,0,40544.99000,0.0173656,40544.99000,3.59286e-05,40544.99000,3.36848e-05,40544.99000,0,40544.99000,1.88748e-06,40544.99000,0,40544.99000,0.324297,40544.99000,0
40545.00000,0,40545.00000,0.0173673,40545.00000,3.57619e-05,40545.00000,3.35239e-05,40545.00000,0,40545.00000,1.88304e-06,40545.00000,0,40545.00000,0.324294,40545.00000,0
40545.01000,0,40545.01000,0.017369,40545.01000,3.55953e-05,40545.01000,3.3363e-05,40545.01000,0,40545.01000,1.8786e-06,40545.01000,0,40545.01000,0.324291,40545.01000,0
40545.02000,0,40545.02000,0.0173707,40545.02000,3.54286e-05,40545.02000,3.32021e-05,40545.02000,0,40545.02000,1.87415e-06,40545.02000,0,40545.02000,0.324288,40545.02000,0
